{"valid": true,
"type": "mig_23mld",
"speed": -0.022197,
"speed_01": -0.022197,
"pedals": 0.000000,
"pedals1": 0.000000,
"pedals2": 0.000000,
"stick_elevator": 0.000000,
"stick_ailerons": 0.000000,
"vario": -0.015015,
"altitude_min": 59.182709,
"altitude_10k": 59.182709,
"altitude1_hour": 59.182709,
"altitude1_10k": 59.182709,
"radio_altitude": 1.882836,
"aviahorizon_roll": 0.038568,
"aviahorizon_pitch": -1.540892,
"bank": -0.038568,
"bank1": -0.038568,
"turn": -0.000046,
"compass": 219.846481,
"clock_hour": 0.533333,
"clock_min": 32.000000,
"clock_sec": 16.000000,
"rpm": 3243.290283,
"rpm1": 0.000000,
"oil_pressure": 54.506897,
"water_temperature": 453.031036,
"fuel": 1021.500122,
"oxygen": 0.000000,
"airbrake_lever": 0.000000,
"gears": 0.500000,
"gears1": 0.500000,
"gear_lamp_down": 1.000000,
"gear_lamp_up": 1.000000,
"gear_lamp_off": 1.000000,
"flaps_position_retracted": 0.000000,
"flaps_position_takeoff": 0.000000,
"flaps_position_landing": 0.000000,
"wing_sweep_lever": 0.000000,
"wing_sweep_lever1": 0.000000,
"trimmer": 0.000000,
"throttle": 0.000000,
"throttle_1": 0.000000,
"weapon2": 0.000000,
"wing_sweep_indicator": 0.000000,
"wing_sweep_indicator1": 0.000000,
"wing_sweep_indicator2": 0.000000,
"wing_sweep_indicator3": 0.000000,
"mach": -0.000065,
"g_meter": 0.998822,
"g_meter_min": 0.996760,
"g_meter_max": 1.007712,
"aoa": 147.040558,
"blister1": 1.000000,
"blister2": 1.000000,
"blister3": 1.000000,
"blister4": 1.000000,
"blister5": 1.000000,
"blister6": 1.000000,
"blister10": 1.000000}